%YAML:1.0
cameraMatrix: !!opencv-matrix
   rows: 3
   cols: 3
   dt: d
   data: [ 3.6714333441364420e+02, 0., 2.4933663607668862e+02, 0.,
       3.6725374246015241e+02, 2.0765181567434800e+02, 0., 0., 1. ]
distortionCoefficients: !!opencv-matrix
   rows: 1
   cols: 5
   dt: d
   data: [ 1.0374057491811364e-01, -3.0023345705716870e-01,
       -1.1596331342234715e-04, -2.6271249757668148e-03,
       1.1830122949951100e-01 ]
rotation: !!opencv-matrix
   rows: 3
   cols: 3
   dt: d
   data: [ 1., 0., 0., 0., 1., 0., 0., 0., 1. ]
projection: !!opencv-matrix
   rows: 4
   cols: 4
   dt: d
   data: [ 3.6714333441364420e+02, 0., 2.4933663607668862e+02, 0., 0.,
       3.6725374246015241e+02, 2.0765181567434800e+02, 0., 0., 0., 1.,
       0., 0., 0., 0., 1. ]
