%YAML:1.0
cameraMatrix: !!opencv-matrix
   rows: 3
   cols: 3
   dt: d
   data: [ 1.0585890081245316e+03, 0., 9.3392089742320150e+02, 0.,
       1.0625669058994768e+03, 5.4651873434469655e+02, 0., 0., 1. ]
distortionCoefficients: !!opencv-matrix
   rows: 1
   cols: 5
   dt: d
   data: [ 6.7655094846624103e-02, -5.8556753440857666e-02,
       7.3502711076660551e-03, -8.1725664892358593e-03,
       8.0559771691816138e-03 ]
rotation: !!opencv-matrix
   rows: 3
   cols: 3
   dt: d
   data: [ 1., 0., 0., 0., 1., 0., 0., 0., 1. ]
projection: !!opencv-matrix
   rows: 4
   cols: 4
   dt: d
   data: [ 1.0585890081245316e+03, 0., 9.3392089742320150e+02, 0., 0.,
       1.0625669058994768e+03, 5.4651873434469655e+02, 0., 0., 0., 1.,
       0., 0., 0., 0., 1. ]
