%YAML:1.0
depthShift: 1.0560659630861798e+01
