%YAML:1.0
rotation: !!opencv-matrix
   rows: 3
   cols: 3
   dt: d
   data: [ 9.9994578086488539e-01, -8.4836055609094178e-04,
       1.0378613340972370e-02, 1.0339662748072341e-03,
       9.9983940495061174e-01, -1.7891205150833794e-02,
       -1.0361768394299396e-02, 1.7900966241338186e-02,
       9.9978607169902567e-01 ]
translation: !!opencv-matrix
   rows: 3
   cols: 1
   dt: d
   data: [ -5.3929062052162122e-02, 1.2838184236499999e-04,
       2.3874305860828405e-03 ]
essential: !!opencv-matrix
   rows: 3
   cols: 3
   dt: d
   data: [ -3.7987856260725104e-06, -2.3847490175237808e-03,
       1.7106838825457034e-04, 1.8285006909550127e-03,
       9.6335691728314870e-04, 5.3942303318475528e-02,
       -1.8413571300646478e-04, -5.3920292397687211e-02,
       9.6352348726537029e-04 ]
fundamental: !!opencv-matrix
   rows: 3
   cols: 3
   dt: d
   data: [ -2.8683921529699367e-09, -1.8001381502965350e-06,
       4.2194125646368211e-04, 1.3754979996968837e-06,
       7.2447177833040735e-07, 1.4404668651367736e-02,
       -8.9624008180766695e-04, -4.1801405462762349e-02,
       9.9999999999999989e-01 ]
